workspace: [-1.0, 1.0, -0.6, 0.6, 0.0, 0.77] # workspace limits [xmin, xmax, ymin, ymax, zmin, zmax]
gp_os: 0.137+0.01475

gp_tip_w: 0.01
da_os_x: 0.0035
da_os_z: 0.009
e_l_offset: [0.002, -0.01, 0.0]
e_r_offset: [-0.009, 0.008, 0.002]

scene_centre: [0.46336247, -0.01777989, 0.01] # for the second scene
# scene_centre3: [ 4.62071525e-01 -1.79482459e-02 -1.29976164e-02  0.00000000e+00 0.00000000e+00 -9.07347553e-04  9.99999588e-01]


target_l3: [0.513720603, 0.085173193, 0.021883407, 0, 0, 0.6934, 0.7205]
target_l2: [0.459880408, 0.085173193, 0.021883407, 0, 0, 0.6934, 0.7205]
target_l1: [0.406234133, 0.085173193, 0.021883407, 0, 0, 0.6934, 0.7205]

target_r3: [0.513720603, -0.108607573, 0.021883407, 0, 0, -0.6934, 0.7206]
target_r2: [0.459880408, -0.108607573, 0.021883407, 0, 0, -0.6934, 0.7206]
target_r1: [0.406234133, -0.108607573, 0.021883407, 0, 0, -0.6934, 0.7206]



rope_length: 0.315

target_holder_thickness: 0.014
target_to_holder: 0.026
target_diameter: 0.005
target_thickness: 0.015
table_offset: -0.01
marker_length: 0.025
marker_thickness: 0.007


# primitive parameters
app_os: 0.05 # approach offset
grasp_rot_l: [0, pi, pi/2]
grasp_rot_r: [0, pi, -pi/2]
insert_pitch2: pi/24*10 # high top pi/24*12, low top pi/24*10

# predefined poses
grasp_states: [-0.6677426099777222, -1.143572211265564, 1.6579793691635132, 0.6495829820632935,
  2.425766944885254, 0.5661510825157166, 2.1443932056427, 0.6723159551620483, -1.0775535106658936,
  -1.690792202949524, 0.6427130103111267, 3.8197340965270996, 0.521094024181366, -2.0585293769836426]
observe_states: [-0.720012903213501, -0.3579239249229431, 1.772327184677124, 0.13136780261993408, 
  -0.648350715637207, 1.1232486963272095, -1.8344221115112305, 0.8814099431037903, -0.36250463128089905, 
  -1.85231351852417, -0.028060272336006165, 0.606028139591217, 1.1636393070220947, 1.9661468267440796]
grasp_states2: [-1.0771714448928833, -0.7815413475036621, 1.3724327087402344, 0.3715556263923645, 
  1.7982889413833618, 0.8510035872459412, 2.2453041076660156, 1.0602233409881592, -0.6867497563362122, 
  -1.4237779378890991, 0.3548184633255005, 4.543345928192139, 0.7604496479034424, -2.2329251766204834]